Patching: 2
Patched: 2N
nil2N,2010,224577,4250,209665,730980,291424,1820550,12386,5851,44373,43346,520212,52,29,68,18,38,42,6,6

Patching: 2
Patched: 2N
nil2N,2010,493477,4327,460710,780589,618743,1719367,12014,6464,41014,40937,504588,114,59,142,41,76,42,15,15

Patching: 2
Patched: 2N
nil2N,2010,225304,2423,375559,404604,255963,898080,6032,3322,22109,21383,253344,93,93,105,37,67,42,11,11

Patching: 2
Patched: 2N
nil2N,2010,206834,2836,326255,787800,369512,1402881,5681,6504,65966,24396,328510,72,41,130,36,31,57,5,15

Patching: 2
Patched: 2S
nil2S,2010,195266,4299,182300,826559,282526,1782400,12448,6716,47223,42438,522816,45,22,65,15,29,42,5,6

Patching: 2
Patched: 2S
nil2S,2010,661541,7913,617615,1329159,891797,3110978,20798,10826,75163,74071,873516,83,46,112,31,61,42,11,12

Patching: 2
Patched: 2S
nil2S,2010,453303,5419,755611,881401,592143,1948897,12933,7184,49699,46402,543186,83,86,109,35,63,42,11,12

Patching: 3
Patched: 3N
nil3N,2010,101917,1762,92755,338992,119244,749256,5328,2800,18027,17839,223776,57,27,67,19,36,42,6,6

Patching: 3
Patched: 3N
nil3N,2010,287537,3128,261688,507572,363081,1221197,8858,4121,29076,29076,372036,91,52,116,32,69,42,12,12

Patching: 3
Patched: 3N
nil3N,2010,272434,2833,380780,456623,325444,1077335,7626,3697,26460,25651,320292,96,83,114,35,73,42,12,12

Patching: 3
Patched: 3S
nil3S,2010,173385,3824,157798,776457,182831,1428095,10868,6390,41969,34002,456456,45,20,47,15,27,42,4,5

Patching: 3
Patched: 3S
nil3S,2010,392554,5282,357264,952558,447118,1665654,11757,8169,41754,39658,493794,74,38,84,33,48,42,10,11

Patching: 3
Patched: 3S
nil3S,2010,386639,4226,540405,734964,386679,1267794,9395,6150,36741,30186,394590,91,74,91,41,62,42,10,12

Patching: 3
Patched: 3S
nil3S,2010,455259,4369,414331,692019,364701,1085780,12240,6065,26500,25852,514080,104,60,83,37,75,42,13,14

Patching: 3
Patched: 3S
nil3S,2010,90781,1028,126884,197334,64645,252629,2518,1739,7275,6015,105756,88,64,62,36,52,42,8,10

Patching: 4
Patched: 4N
nil4N,2010,158822,2672,146069,529359,203223,1205547,7909,4345,28950,28703,332178,59,28,76,20,36,42,7,7

Patching: 4
Patched: 4N
nil4N,2010,350250,3464,322124,593567,473486,1427706,9556,4819,34030,33993,401352,101,54,136,36,72,42,13,13

Patching: 4
Patched: 4N
nil4N,2010,267982,2540,387046,403366,373350,1022883,6869,3226,24548,24354,288498,105,96,147,39,83,42,15,15

Patching: 4
Patched: 4N
nil4N,2010,106121,2438,111231,376755,128825,1132183,6298,2866,27294,26957,264516,43,30,52,16,37,42,4,4

Patching: 4
Patched: 4S
nil4S,2010,184865,4402,170021,765883,254824,1735601,10388,6182,44973,41324,436296,42,22,57,17,29,42,5,6

Patching: 4
Patched: 4S
nil4S,2010,456679,6298,420007,1137926,576507,2131547,12056,9665,52634,50751,506352,72,37,91,37,47,42,10,11

Patching: 4
Patched: 4S
nil4S,2010,356963,4305,515562,745098,427956,1356119,7889,6205,38116,32289,331338,82,69,99,45,57,42,11,13

Patching: 14
Patched: 14N
nil14N,2010,82776,1915,76212,396476,57951,642116,9478,3459,15651,15288,398076,43,19,30,8,23,42,3,3

Patching: 14
Patched: 14N
nil14N,2010,142010,2301,130749,414496,106380,769661,11759,3549,18325,18325,493878,61,32,46,12,40,42,5,5

Patching: 14
Patched: 14N
nil14N,2010,132864,1980,204970,344276,90505,599892,8837,2968,14646,14283,371154,67,60,45,15,44,42,6,6

Patching: 14
Patched: 14S
nil14S,2010,19122,561,17606,125755,23965,239222,1396,930,9886,5696,58632,34,14,42,13,20,42,2,4

Patching: 14
Patched: 14S
nil14S,2010,122381,4219,112676,708121,222248,1690899,7987,5622,44329,40260,335454,29,16,52,15,21,42,5,5

Patching: 14
Patched: 14S
nil14S,2010,338104,6986,311292,1079139,531225,2576565,12201,8718,63130,61347,512442,48,29,76,27,38,42,8,8

Patching: 14
Patched: 14S
nil14S,2010,279621,6227,431371,963846,400405,2076422,9841,7836,54934,49439,413322,44,45,64,28,35,42,7,8

Patching: 48
Patched: 48N
nil48N,2010,2350,37,1672,33949,655,33948,554,185,5424,554,33948,63,5,17,4,12,61,1

Patching: 48
Patched: 48N
nil48N,2010,5459,37,3884,23397,4177,30706,307,158,2926,503,18140,145,17,111,17,34,59,1,8

Patching: 48
Patched: 48N
nil48N,2010,32564,350,26865,129891,48516,218716,1506,952,14585,4053,80296,93,21,138,21,34,53,3,11

Patching: 48
Patched: 48N
nil48N,2010,327479,6809,233002,1224151,741655,4758143,14890,9845,106736,86399,820010,48,19,108,21,33,55,6,8

Patching: 48
Patched: 48N
nil48N,2010,698906,9729,497272,1620763,1412907,5572367,19530,13601,133603,113264,960735,71,31,145,35,51,49,10,12

Patching: 48
Patched: 48N
nil48N,2010,577652,8210,476563,1518977,1129114,5087400,15029,12048,130719,87153,877244,70,31,137,38,47,58,8,12

Patching: 48
Patched: 48N
nil48N,2010,66336,947,54728,204352,227828,680944,1522,1577,18456,10781,95878,70,27,240,43,42,63,12,21

Patching: 48
Patched: 48S
nil48S,2010,381762,7708,271624,1277559,799839,5292290,15334,10599,101324,95463,850108,49,21,103,24,36,55,7,8

Patching: 48
Patched: 48S
nil48S,2010,855876,10725,608956,1588975,1708352,6117954,19947,13421,127808,124184,982725,79,38,159,42,63,49,13,13

Patching: 48
Patched: 48S
nil48S,2010,899516,9704,742101,1541378,1765229,5920999,16790,12847,115615,101864,972330,92,48,181,53,70,57,15,17

Patching: 1962010
Patched: 196S2010
nil196S,2010,75135,2750,186962,947065,1332936,3946136,3211,5944,160706,81922,154622,27,20,484,23,12,48,8,16

Patching: 230
Patched: 230E
nil230E,2010,137427,3599,124935,659401,379476,2728772,6195,5352,77819,65714,257226,38,19,105,22,25,41,4,5

Patching: 230
Patched: 230E
nil230E,2010,252717,5968,229745,1121902,649955,4279534,9586,9727,106921,101894,402612,42,20,108,26,25,42,6,6

Patching: 230
Patched: 230E
nil230E,2010,218396,4212,248774,675401,646884,2732335,6120,5665,72032,65056,257040,51,37,153,35,38,42,8,9

Patching: 230
Patched: 230W
nil230W,2010,70571,3443,64156,647449,250911,2542315,5835,5483,66943,60531,245070,20,10,72,12,12,42,3,4

Patching: 230
Patched: 230W
nil230W,2010,177240,5894,161129,989196,507250,3906867,8882,8554,95167,93021,373044,30,16,86,19,20,42,5,5

Patching: 230
Patched: 230W
nil230W,2010,157642,4263,179570,684798,572602,2743259,6120,5691,75182,65316,257040,36,26,134,25,27,42,7,8

Patching: 2682010
Patched: 268E2010
nil268E,2010,58559,2001,140049,537832,739123,1911563,2223,3800,82330,42961,98800,29,26,369,26,15,44,8,17

Patching: 2692010
Patched: 269E2010
nil269E,2010,29194,2527,27828,480877,215486,1827513,2263,3771,63213,48064,86058,11,6,85,12,7,38,3,4

Patching: 2692010
Patched: 269E2010
nil269E,2010,13032,836,12422,182385,105470,607530,757,1427,24173,16016,28734,15,7,126,17,9,38,4,6

Patching: 2692010
Patched: 269E2010
nil269E,2010,56979,5354,84848,1016513,426567,3760033,4797,7827,141081,101750,177186,10,8,79,11,7,36,3,4

Patching: 3122010
Patched: 312W2010
nil312W,2010,51293,1223,49508,364410,475500,1506824,1482,2367,49323,25831,86450,41,14,388,34,21,58,9,18

Patching: 3122010
Patched: 312W2010
nil312W,2010,216346,4140,481044,1101877,2012870,4866910,4454,7063,142024,76853,282092,52,44,486,48,30,63,14,26

Patching: 9272010
Patched: 927E2010
nil927E,2010,16469,2839,14972,356912,87580,768096,3944,3811,51206,51206,59160,5,4,30,4,4,15,1,1

Patching: 9272010
Patched: 927E2010
nil927E,2010,14270,2138,19213,268687,76265,543494,2805,2869,36233,36233,42075,6,7,35,5,4,15,2,2

33,33,6030,444277,8944,612722,1649109,1390510,6102005,19165,13487,167244,138204,849000,139,104,442,66,92,131,23,28
234,234,6030,315132,17671,349752,2792161,1798941,8672114,18281,23486,317437,288407,549678,50,38,296,49,37,90,15,17
301,301,6030,346854,6571,776958,1511948,3322099,8085545,9180,10409,190187,139406,532440,150,115,1532,106,85,174,46,71
167,167,2010,83843,2258,121512,567739,1156743,2853359,2127,3797,68466,45012,134826,37,21,512,39,22,63,16,25
201,201,2010,1811,259,1120,57866,6817,106437,741,449,9757,5913,13338,6,2,26,2,4,18,1
67,67,6030,407471,6017,334181,1179708,872747,3731259,17112,9834,100693,71591,890199,198,83,420,68,123,152,24,34
269E,269E,6030,99205,8717,125098,1679775,747523,6195076,7817,13025,228467,165830,291978,36,21,290,40,23,112,10,14
134,134,4020,45504,2485,65658,513424,333519,1620295,2518,4089,59813,38664,106067,34,24,252,33,21,84,9,15
34,34,2010,41320,1099,77028,229710,147780,667564,1482,1774,25194,13545,73359,37,34,134,27,23,49,5,10
101,101,6030,1124862,23202,1376770,4711027,8834412,24921384,30527,33780,550793,445025,1709512,141,81,1135,106,97,168,47,57
168,168,6030,465849,15670,345463,2647630,2102672,11229966,20121,20909,336288,272295,829782,85,39,385,66,63,123,17,21
202,202,2010,60643,2419,100487,611922,293642,1768710,4789,5078,67458,42112,201138,25,16,121,12,11,42,4,6
68,68,4020,657320,7969,605521,1279535,1333696,3945615,15397,11176,116989,96889,628359,164,96,336,84,118,80,22,27
230W,230W,6030,405453,13600,404855,2321443,1330763,9192441,20837,19728,237292,218868,875154,86,52,292,56,59,126,15,17
671,671,6030,2225980,47316,2009651,8635672,9340926,34660272,64300,67543,835601,722090,3086400,139,72,586,103,98,144,32,38
1,1,6030,1134471,12342,1222021,2368275,1644950,5508925,35896,19363,131756,131165,1507632,273,168,398,94,178,126,36,36
35,35,2010,5783,451,7458,84937,10684,261049,1020,710,7793,5039,52530,12,9,23,5,8,51,1,2
236,236,6030,135564,13970,126987,2196045,656929,6779599,17944,18271,258231,225433,542640,25,16,134,19,19,90,5,7
102,102,2010,174209,4072,346906,908796,1884416,4321006,3291,6194,116256,77161,184296,42,38,462,52,28,56,16,24
303,303,2010,229356,3781,498257,855012,1636332,4158586,4271,6004,98397,67871,261687,60,58,432,53,38,61,16,24
169,169,6030,1037436,19672,700602,3174884,4127051,13055425,25216,26362,340017,304627,1080650,155,66,625,123,117,128,36,40
203,203,2010,49289,1487,54272,264478,91357,504986,10888,2276,33015,28055,195984,33,21,61,4,21,18,2,3
36,36,8040,2808968,48781,2648397,8874163,6581400,26476903,83508,70580,617381,569220,3859178,181,97,422,106,125,181,32,36
237,237,2010,25384,737,45843,241958,229092,799835,1482,1667,40394,19044,62244,34,19,310,17,15,42,5,12
773,773,2010,10322,1483,181911,14457,293875,6630,1942,19592,19592,99450,6,9,1,5,15
304,304,2010,89729,2182,189597,540739,931289,2126551,2223,3919,61567,37798,124982,41,35,426,40,22,56,15,24
70,70,6030,995080,23019,1294718,3044626,1923113,7976032,34104,28707,197131,189905,1432368,121,117,234,82,97,126,26,27
271,271,12060,1280561,42135,1515704,7238126,7758465,29164989,37059,59419,824070,694405,1556478,170,114,1056,193,119,252,51,63
204,204,2010,62029,2869,57426,509032,161205,912176,11012,4462,59296,50676,198216,21,11,56,5,13,18,2,3
908,908,4020,17362,1997,16452,332027,36054,406966,7264,3545,28362,27131,108960,17,10,36,4,9,30,2,2
238,238,6030,198571,15012,207433,2372298,925349,7914173,17576,19399,293740,263806,527280,35,24,168,30,27,90,7,8
372,372,10050,915322,18032,956783,3874321,4706944,16691864,18465,28922,417677,293084,1049803,287,122,1312,243,156,280,49,81
37,37,2010,68710,2924,136205,534447,442374,2125507,3825,4186,68947,50607,160650,23,25,151,17,16,42,6,8
71,71,10050,1348202,23459,1375862,4047377,4624399,17742578,29693,33317,340211,305906,1722194,289,173,968,230,205,290,64,74
272,272,4020,75239,3151,93642,691807,600328,2743633,2979,5024,92388,56879,143748,54,27,434,57,34,101,14,23
205,205,2010,52047,1645,99257,365321,266294,1037339,1743,2824,48910,25429,71250,31,27,161,29,18,40,5,10
909,909,4020,28402,2831,27208,392888,75007,633716,8492,4195,42248,42248,127380,19,14,53,6,12,30,2,2
775,775,2010,10893,1156,141708,13387,275974,7140,1513,19903,18398,107100,9,11,1,7,15
105,105,6030,386060,7156,304068,1394826,897804,4276647,23133,12282,127119,108157,914730,159,68,368,49,95,118,20,23
306,306,2010,116316,2724,247516,617953,999396,3096781,2805,4169,74463,49235,176460,42,40,366,41,27,62,13,20
373,373,4020,225425,4312,298886,932748,1226040,3343092,4541,6956,94394,54868,276736,103,58,563,98,62,120,24,43
38,38,2010,35588,1495,12181,241226,24089,349830,11960,2302,15668,11661,358800,23,5,16,2,15,30,1,2
72,72,10050,1219544,19792,1279420,3304887,4316187,15092940,24211,26900,287243,260223,1404238,304,191,1024,250,223,290,70,77
139,139,6030,101763,3591,64775,643593,176486,1547474,21448,5810,56127,51583,643440,81,31,141,13,50,90,8,9
5,5,14070,2138383,35993,2538738,6615548,7317424,28309116,48764,51514,646105,488437,2823718,416,290,1465,314,287,404,78,113
910,910,2010,15291,2111,13353,252708,41159,452165,5526,2698,30144,30144,82890,7,5,19,2,5,15,1,1
106,106,6030,1255160,31506,1246805,5509713,4926072,25450722,32243,42891,539385,454478,1805608,117,68,475,116,86,168,26,32
173,173,2010,11610,820,18744,198760,136170,618273,1020,1381,35129,20609,30600,14,9,166,11,8,30,3,6
39,39,6030,367363,13303,430107,2046900,1381077,8179190,18041,16882,196416,180776,814797,75,58,292,56,59,132,19,20
3N,3N,6030,661888,7723,735223,1303187,807769,3047788,21812,10618,73563,72566,916104,244,162,297,86,178,126,30,30
240,240,6030,732339,22686,773377,3711863,2886404,15388500,22137,30887,405871,366393,929754,95,64,363,99,70,126,19,22
73,73,14070,1584167,24123,1658946,4208764,5802161,18962991,30783,33775,380710,326948,1785414,449,277,1597,346,319,406,96,118
140,140,6030,1074315,25049,747261,4152058,4629335,15498111,35861,35612,411256,369003,1506162,126,52,546,87,86,126,31,36
196S,196S,2010,75135,2750,186962,947065,1332936,3946136,3211,5944,160706,81922,154622,27,20,484,23,12,48,8,16
107,107,6030,463131,15673,373264,2461892,1761781,6992150,28169,21181,259626,233071,845070,86,45,330,48,63,90,18,21
308,308,2010,46711,1466,94719,320452,455122,1439543,1729,2260,41634,27854,89414,31,30,310,27,20,51,10,16
342,342,2010,67082,3169,109635,713322,656710,3785953,2263,4813,103414,70660,121262,21,15,207,29,13,53,6,9
7,7,16080,3370129,65009,2975442,12163308,8696740,38759273,81138,84104,743119,694296,4529160,370,181,1027,324,290,443,81,91
74,74,4020,233705,3255,398395,700897,909101,2395241,4335,5317,72935,41297,251430,138,93,532,102,80,116,22,41
912,912,2010,3753,924,3212,299477,34859,1145700,1498,1948,54672,27279,62916,4,1,37,2,1,42,1
175,175,2010,47675,2388,87565,566961,693304,2494898,1976,3874,91313,55733,88426,19,15,290,24,12,44,7,12
41,41,10050,2327326,36553,2955354,8028301,11387019,36685418,51818,61332,822045,632507,3005444,347,188,1658,218,191,290,62,89
242,242,4020,92361,3615,142117,849544,964212,3470216,3267,5964,118525,70023,161900,45,26,493,49,26,98,14,24
8,8,6030,2525538,45998,2647296,7392872,6514758,28492575,45867,62232,626860,562195,2324445,163,110,418,166,121,152,29,33
209,209,6030,81036,7762,76402,1432273,678624,3992446,9093,10911,245151,203934,178026,29,16,256,24,21,57,6,8
75,75,10050,1722034,35579,1683075,6097260,5662931,23071073,33760,50419,583721,479424,1602215,227,132,748,224,158,235,41,53
913,913,4020,23767,4596,27440,733107,61649,1200814,15808,7827,80054,80054,237120,9,8,26,2,5,30
48N,48N,14070,1710746,26119,1293986,4755480,3564852,16382224,53338,38366,412449,302707,2886251,560,151,896,179,253,398,41,72
42,42,2010,30864,1976,22475,319261,59466,1047652,5610,2890,25510,24944,235620,15,7,30,5,10,42,2,2
3S,3S,10050,1498618,18729,1596682,3353332,1445974,5699952,46778,28513,154239,135713,1964676,402,256,367,162,264,210,45,52
243,243,2010,51347,1181,107453,302280,379960,850461,1235,2235,44327,20249,51870,43,36,321,41,22,42,8,18
143,143,2010,120208,3603,296265,1106172,1609855,5005310,2502,6464,161778,80227,156112,33,27,446,48,18,62,9,20
9,9,4020,604288,10259,658040,1858218,2034898,5878221,14183,15790,152741,119414,698129,117,70,396,84,76,98,26,33
210,210,2010,45556,2137,98214,572815,407155,1854353,2223,4285,82004,44151,93366,21,17,190,20,10,42,4,9
76,76,2010,197298,2910,403265,662361,949789,2342158,3952,4870,73707,40382,229216,67,61,326,49,40,58,12,23
277,277,2010,49244,2675,67850,578058,394480,2060253,2708,4275,84750,49054,113736,18,12,147,18,11,42,4,8
981,981,2010,2632,137,35765,37934,35209,162313,171,299,4809,3865,7182,19,94,257,15,8,42,7,9
914,914,2010,52886,2942,287537,237761,581565,4605,3070,38771,38771,69075,17,80,11,17,15,6,6
110,110,2010,56249,2159,66835,429588,64880,882674,6048,3608,49114,29422,181440,26,16,30,9,15,30,1,2
311,311,2010,158715,5297,369229,1506288,2682768,6482014,4287,9750,233889,126546,217442,29,25,506,37,16,50,11,21
177,177,4020,251026,6276,545159,2214656,4492978,11027856,7809,12638,341993,183922,468348,71,37,1320,57,37,116,24,44
43,43,10050,1908478,34902,2016898,6177333,3833900,16788387,58234,45724,336209,319510,3057204,228,140,452,135,176,266,44,47
244,244,2010,56294,2522,81966,618450,398093,1527306,2518,4815,82716,39797,96768,22,13,157,22,11,38,4,10
345,345,6030,426428,9981,342584,1330457,1543587,4063324,19084,11519,137234,135444,572520,120,74,433,63,105,90,31,31
10,10,6030,1377944,18490,1508715,3300528,1383162,5925012,52778,27676,163240,141071,2216676,215,134,213,75,143,126,23,27
211,211,2010,62884,1998,116914,537224,337110,1286501,2550,4212,71709,35789,91800,31,22,168,24,14,36,4,9
77,77,2010,157196,3182,315142,838367,1109326,3055449,4199,5726,106852,52680,243542,49,38,348,37,27,58,10,21
982,982,2010,13180,362,73904,97025,92682,474385,342,610,13264,7811,20862,36,76,256,38,21,61,6,11
312,312,2010,99143,1998,220444,592444,875801,2192384,2510,4041,70159,34935,157628,49,37,438,39,24,62,12,25
44,44,6030,1976578,30402,1844088,5994846,4104283,15843699,60792,45135,314053,302631,3172228,194,95,404,100,132,157,39,40
245,245,6030,812198,29626,881617,5103273,2733510,19477616,32308,43098,533163,465380,1352064,78,50,262,72,53,124,13,15
268E,268E,2010,58559,2001,140049,537832,739123,1911563,2223,3800,82330,42961,98800,29,26,369,26,15,44,8,17
111,111,2010,173004,5066,390123,1418754,2173435,6043745,4016,9124,188799,100486,241518,34,27,429,43,18,60,11,21
346,346,6030,455290,9097,375717,1685855,1376743,5061022,21294,14718,159746,149335,721767,144,67,437,61,90,101,23,25
11,11,6030,1011484,13681,1154867,2273186,1486806,5574893,33410,20713,166509,135432,1368300,215,148,318,89,143,122,26,31
212,212,4020,316678,4182,695973,1381212,2689195,6359256,9777,9213,182884,109642,567066,126,69,1084,53,54,116,23,40
48S,48S,6030,2137154,28137,1622681,4407912,4273420,17331243,52071,36867,344747,321511,2805163,220,107,443,119,169,161,35,38
983,983,2010,5132,325,76021,107495,55712,584081,342,604,16110,9126,21888,15,71,171,15,8,64,3,6
916,916,2010,51552,2483,323476,278637,488406,4605,3454,32560,32560,69075,20,112,11,14,15,8,8
179,179,2010,123345,3904,251166,1128005,2409666,4919594,3785,7163,195236,106018,175624,31,22,617,32,17,46,12,22
45,45,2010,35603,835,45666,219834,105708,334230,1709,1877,22104,9301,61334,42,21,126,20,18,35,4,11
246,246,4020,76922,5520,105763,958032,192404,1634601,9320,8454,108148,89669,172080,27,23,69,16,17,36,3,3
347,347,6030,486603,12342,349591,2116719,1376485,6370600,20521,18207,210657,186528,700866,116,49,328,69,78,102,18,20
12,12,10050,1164313,19176,1452043,3121156,1344370,5656387,47524,26456,145988,134676,1996008,281,224,296,109,199,210,37,42
213,213,2010,13718,595,8190,74052,21025,205444,5028,595,11414,11414,90504,23,11,35,2,1,23,18,1,1
79,79,2010,53166,1527,116323,345514,268637,841020,1729,2799,40829,20024,72618,34,34,175,30,18,42,6,13
280,280,2010,11381,821,11029,172048,132379,1107133,1460,1165,29569,26360,61320,13,6,161,7,9,42,4,5
984,984,2010,3097,143,27846,40037,26266,145993,171,319,3324,2281,10944,21,70,184,18,9,64,7,11
917,917,4020,43452,2678,50048,372603,144846,743996,8076,3978,49600,49600,121140,31,30,107,11,21,30,5,5
180,180,8040,1263027,33878,1094759,5742532,6746628,23366703,28458,46554,671421,552772,1209180,137,70,735,168,99,170,35,43
46,46,4020,68470,2050,99923,498684,181693,975761,5187,4261,50052,27879,181545,54,33,138,21,26,70,6,9
247,247,2010,15151,1490,19567,329197,97837,1132085,1235,2392,50445,28566,48906,10,6,65,12,6,39,1,3
113,113,2010,71198,1360,141761,414971,463641,1223546,2805,3060,50079,24962,131580,52,34,340,25,23,46,9,18
348,348,6030,500981,12963,357379,2133051,1733278,5809112,20810,18811,205131,193637,624300,112,49,383,68,77,90,22,24
13,13,6030,1120431,14002,1289582,2377037,1572671,5378797,31872,19378,133890,128067,1338624,237,168,334,104,175,126,35,36
214,214,2010,165532,3918,403104,1273611,1725033,5104424,5291,8278,191620,97681,276566,42,32,440,31,20,52,9,17
918,918,2010,16896,1377,26734,188678,31701,295826,6120,2015,21078,19722,91800,12,14,23,2,8,15,1,1
181,181,6030,766632,21095,588895,3565751,3504182,14398391,23141,28544,436544,346057,962742,106,49,485,98,79,124,22,28
248,248,6030,244408,12890,231577,2254480,945395,6511052,25430,19425,236523,217035,762900,55,33,216,28,37,90,11,12
114,114,2010,73911,2301,159670,637889,826684,2471620,2223,4232,81305,40814,134862,32,25,359,33,17,60,10,20
952,952,2010,82245,3445,248692,1118008,2168118,5702991,1992,6146,198331,104607,109062,23,22,629,41,13,54,10,20
885,885,2010,4608,207,3456,40934,12492,202867,360,294,4318,3170,23040,22,8,60,12,15,64,2,3
215,215,2010,107653,3321,256608,1075874,1753282,5159647,2534,6222,181260,94442,138382,32,24,528,42,17,54,9,18
81,81,2010,13947,625,13124,128448,60070,537592,1460,1030,14904,12103,64840,22,10,96,9,13,44,4,4
148,148,6030,261736,8907,180652,1300755,1095579,3911020,16941,11042,143586,130367,508230,84,40,353,44,68,90,20,23
986,986,2010,14925,336,78611,68598,127976,386416,342,456,8795,6390,20862,44,115,380,43,32,61,14,20
919,919,2010,33096,1806,23847,242852,77592,378353,5271,2593,25224,25224,79065,18,10,42,6,12,15,3,3
14N,14N,6030,357650,6196,411931,1155248,254836,2011669,30074,9976,48622,47896,1263108,171,111,121,35,107,126,14,14
182,182,6030,177396,5126,121801,1109836,635021,3061707,13487,9181,132865,102057,404610,97,32,354,35,53,90,13,17
249,249,6030,149425,8119,157510,1366141,549590,3998193,11703,11754,144038,133273,351090,50,31,192,34,33,90,9,10
316,316,2010,136429,2919,288233,510518,571135,2515932,3458,3808,55128,43378,200564,46,56,195,39,35,58,10,13
927E,927E,4020,30739,4977,34185,625599,163845,1311590,6749,6680,87439,87439,101235,11,11,65,9,8,30,3,3
886,886,2010,6424,60,4818,11301,4194,28274,720,108,673,673,30240,107,43,69,8,59,42,6,6
15,15,12060,1986709,25712,2461929,4657100,5872102,20355674,42230,37024,421926,343094,2504972,457,361,1378,279,326,355,79,103
216,216,2010,126733,3547,284089,959496,1665010,5014649,3012,6148,134844,86459,174696,35,30,469,42,20,58,12,19
82,82,2010,18353,773,17173,142234,112329,636648,1460,1102,15291,11972,77640,23,12,145,12,16,53,7,9
149,149,4020,28289,3578,21090,756477,263824,4529793,3793,5312,119276,105373,164916,15,5,160,14,10,86,3,5
987,987,2010,15204,359,67563,77276,171838,419675,342,499,10229,6895,20862,42,87,478,44,30,61,16,24
183,183,4020,211895,6117,186733,1153733,1064570,3140480,9702,9249,149314,101502,300144,68,33,347,43,44,62,14,20
49,49,8040,2102120,33584,2142016,5893246,3982065,15304128,53242,43835,281533,273289,2981552,206,125,394,132,157,224,46,47
250,250,2010,58962,2968,118356,716910,586650,2562585,2964,5269,106425,61014,124488,19,17,197,19,11,42,5,9
116,116,2010,76078,2998,138833,664257,416687,1577499,4064,5555,71537,38476,166608,25,21,138,18,13,41,5,10
16,16,6030,1384692,32445,1467758,5366153,5061011,18682469,36377,45689,468791,411011,1653400,126,87,466,114,90,136,32,36
217,217,2010,52169,1258,85376,268617,377806,1621280,1530,1942,30906,27953,88740,41,32,300,34,26,58,12,13
2N,2N,8040,1150192,13836,1372189,2703973,1535642,5840878,36113,22141,173462,130062,1606654,331,222,445,132,212,183,37,47
83,83,2010,22025,750,20518,132691,107266,571014,1460,1056,14644,11647,71144,29,15,143,15,20,48,7,9
150,150,6030,1773265,44556,1828908,8346806,15362633,48681488,43090,59568,984645,869313,2413040,114,65,1044,119,85,168,45,53
988,988,2010,15026,302,67258,63238,110192,293009,342,445,7247,4815,20862,49,106,364,43,33,61,15,22
251,251,6030,107415,8414,109379,1497625,469994,3466014,11228,12160,224397,192557,202104,35,19,161,26,23,54,4,5
888,888,2010,18194,330,13645,68749,82926,238201,360,546,7623,4772,18000,55,20,251,50,33,50,10,17
17,17,8040,883979,18269,1239216,3185768,3105899,10893190,28514,26476,320379,243393,1269606,198,162,768,132,133,185,38,57
218,218,4020,375185,3981,897350,1768527,4841477,8366254,7299,10276,281263,144246,423342,194,77,2429,106,70,116,32,66
84,84,2010,9188,852,8658,152392,23567,572649,1460,1227,13666,9873,84680,10,6,27,6,7,58,1,2
821,821,2010,17479,207,13109,45518,65952,178744,360,321,5155,2930,21960,84,29,318,48,54,61,12,22
14S,14S,8040,759228,17993,872945,2876861,1177843,6583108,31425,23106,172279,156742,1319850,155,104,234,83,114,168,22,25
989,989,2010,14174,339,76005,110550,191435,509990,342,684,14788,7969,21888,41,69,564,41,20,64,12,24
51,51,4020,75865,2810,52784,537978,118643,1274771,16534,4784,50037,42492,496020,55,22,84,9,34,60,5,5
252,252,2010,131220,3603,298360,1022482,1705909,4038105,3793,6761,150774,77732,197046,36,29,473,34,19,51,11,21
118,118,12060,146806,6780,180419,1390426,506694,5062658,11901,10933,177685,148901,404634,138,85,436,88,82,204,14,17
889,889,2010,16596,285,12447,51937,42192,243234,360,390,6471,4927,18000,58,24,148,46,42,50,6,8
219,219,2010,13217,2149,18652,392150,45819,815752,2964,3219,56931,45320,53352,6,5,21,4,4,18,1
85,85,2010,18389,870,17299,172938,130355,693622,1460,1381,20261,15618,64840,21,10,149,12,13,44,6,8
822,822,2010,10224,273,7668,49912,33480,238831,360,354,5620,3910,21960,37,15,122,28,28,61,5,8
152,152,2010,65409,2869,146850,797041,1116786,3186671,2717,5368,126820,72902,119054,22,18,389,24,12,43,8,15
688,688,2010,3090,295078,365,3211,1825,22
18,18,14070,1607604,23663,1998676,4282569,4596638,19105493,38962,33797,394874,322390,2308700,477,350,1441,297,335,413,79,105
253,253,8040,918944,18718,935398,3049370,2466460,10817174,21708,26512,287586,257552,911736,186,114,516,158,129,168,30,35
119,119,6030,69910,3315,100317,660022,190542,2490805,4845,5075,88987,73259,164730,61,49,194,61,40,102,9,11
186,186,6030,108767,4294,106978,1020252,693772,4669124,8003,7028,174878,124180,301098,73,31,469,38,45,111,11,14
890,890,2010,12456,255,9342,65201,80442,250042,360,489,7758,4471,19080,48,14,315,34,25,53,10,17
2S,2S,6030,1310110,17631,1555526,3037119,1766466,6842275,46179,24726,172085,162911,1939518,211,154,286,81,153,126,27,30
823,823,2010,14486,279,10864,50367,59724,241434,360,360,5674,3964,21960,51,22,214,40,40,61,10,15
153,153,4020,169601,5163,128849,853913,581824,2393905,9411,7149,97976,77285,291414,64,30,224,35,47,61,11,14
19,19,2010,73008,1406,141421,335000,243162,640886,2518,2834,34767,16466,98728,51,42,172,28,25,39,6,14
53,53,2010,23564,1268,17941,241994,71457,701974,3952,2104,22838,20056,138320,18,7,56,5,11,35,3,3
120,120,6030,2129878,35601,2290524,6842975,11534283,32644847,44652,51751,650244,563856,2585216,174,99,958,139,119,173,51,59
187,187,6030,186916,4982,130583,795287,637439,2722619,15466,6266,108700,90753,463980,112,52,385,35,91,90,17,19
891,891,2010,14040,249,10530,67703,64422,227981,360,486,7150,3562,23040,56,16,258,39,28,64,9,18
221,221,6030,361455,18477,382823,2899409,1571325,8937766,21450,24678,317266,297926,643500,56,41,245,48,42,90,13,14
824,824,2010,15686,204,11764,41617,22124,193662,360,285,5281,3339,20880,76,28,108,43,55,58,4,6
154,154,2010,26586,1012,34295,265816,128494,667049,2040,2091,35527,19360,70380,26,13,127,13,12,34,3,6
355,355,2010,183949,4096,366135,923501,1152082,3077329,4446,6937,104931,60804,224770,44,40,281,41,26,50,10,18
925,925,2010,1708,2470,886,231340,283,1260,247,2470,84,84,3705,6,1,15,3,3
54,54,8040,1200089,26205,1543529,5161461,6340211,25166800,37916,38874,544670,434164,2198754,200,126,1094,127,122,232,45,62
255,255,8040,1012989,28540,1426212,5923639,9505588,32935153,27732,42582,689299,567846,1608456,148,108,1390,154,96,232,53,71
121,121,6030,250947,6851,433755,1527402,2146489,8482152,9435,10179,198301,146016,549780,105,73,892,83,69,170,27,40
892,892,2010,22950,219,17213,63858,85464,142790,360,495,5938,2336,21960,104,27,390,63,46,61,14,36
155,155,4020,133250,5650,128632,949323,539918,3292640,7977,8166,93944,81489,321930,46,28,188,33,32,81,10,12
21,21,8040,812764,23210,1085671,4307863,3795973,21791792,33600,32657,441181,369567,1981534,149,112,719,105,102,235,33,43
222,222,6030,216501,11047,200186,1763420,800312,5491188,19223,15004,193222,183039,576690,53,32,195,30,41,90,10,11
926,926,4020,36307,4237,43062,472890,117104,941983,10200,5049,62799,62799,153000,16,17,54,6,13,30,3,3
256,256,2010,53747,2141,82438,474168,379393,2173971,2470,3335,57467,37482,143260,25,17,177,21,16,58,6,10
122,122,2010,124888,3379,222685,836583,1091833,3655736,3060,5674,103099,63572,175950,36,27,323,40,22,57,10,17
55,55,8040,635109,12482,823038,2491472,2807661,11378585,31141,19673,243150,204454,1662684,188,109,736,80,111,215,35,44
156,156,8040,204905,7126,146524,1266493,634257,3965880,19330,11036,120872,102602,748200,109,45,335,39,69,155,18,22
22,22,6030,437364,14948,480825,2429424,1624635,11679885,17192,19386,217404,196564,1021568,84,58,299,74,64,176,19,22
994,994,2010,10124,331,61091,58414,87261,253237,342,439,8287,6029,14364,30,105,263,29,23,42,10,14
257,257,2010,91951,3212,212042,885250,1191726,3701392,3020,5875,124299,68226,163924,28,24,370,30,15,54,9,17
123,123,2010,51658,2147,112935,425261,426448,1997792,2263,3196,44113,34371,131827,24,27,198,22,16,58,9,12
190,190,2010,86136,2359,205012,763968,1123028,3613444,2765,4601,108027,58481,170904,36,27,476,31,18,61,10,19
56,56,8040,480386,11818,637454,2312557,1845992,10482726,24725,18067,224177,179800,1442482,173,126,649,83,108,231,30,40
157,157,2010,43440,2046,97098,547475,681226,1949690,1729,3759,91963,46421,72618,21,18,332,25,11,42,7,14
358,358,6030,3004112,45060,3274068,8420664,14657495,42004518,52336,65244,776130,676423,3249958,195,116,964,168,134,185,54,62
23,23,6030,549805,15640,578991,2790022,2353498,11723517,26263,22360,273745,240464,1280540,106,69,463,66,76,148,26,30
224,224,4020,21794,3126,19575,681956,189633,1792981,3530,5099,124719,99611,63540,13,6,120,11,7,36,3,3
995,995,2010,8075,331,63953,61539,35141,173445,342,493,7495,4130,14364,24,104,106,23,16,42,4,8
124,124,6030,1024608,24176,1058480,4398229,6223230,22685235,33668,33422,444407,383449,1991448,126,76,771,94,92,177,43,48
57,57,2010,71554,1989,143438,366555,300560,1531190,3036,2850,35211,25955,179052,35,39,151,23,25,59,8,11
158,158,2010,136952,3893,277180,1069532,2019127,5282605,2765,6581,150115,86278,169374,35,26,518,49,20,61,13,23
24,24,8040,662250,15499,815818,2712378,2245306,11496682,27464,22244,266614,235900,1342246,190,152,640,111,133,201,37,43
225,225,2010,63313,1352,145165,325649,526955,1655297,1530,2202,42210,28540,88740,46,45,389,41,28,58,12,18
125,125,12060,655016,15297,762520,2784045,3568033,11944910,29905,22075,340285,297588,1202317,234,153,1265,121,162,234,52,63
661,661,2010,8165,1647,7364,431285,56190,1968667,2964,2425,73897,36013,162279,4,2,34,2,3,54,1
192,192,2010,43407,1787,112372,572380,507708,2100172,2223,3828,93786,46026,101270,24,20,284,19,11,45,5,11
230E,230E,6030,608540,13779,603454,2456704,1676315,9740641,21901,20744,256772,232664,916878,131,76,366,83,88,125,18,20
159,159,2010,108115,3511,213959,954425,1387272,4536972,2263,5887,134095,74812,137246,30,22,395,47,18,60,10,18
25,25,6030,185580,8352,269767,1230788,549474,3957453,9945,10851,110066,94225,417690,59,52,183,48,45,126,12,15
312W,312W,4020,267639,5363,530552,1466287,2488370,6373734,5936,9430,191347,102684,368542,93,58,874,82,51,121,23,44
930,930,4020,21233,2840,20095,310768,75879,528370,4940,3318,35225,35225,74100,14,13,52,8,12,30,4,4
193,193,2010,128869,2950,288056,864180,1813458,3795514,3060,5415,127916,69610,166515,43,33,614,42,23,54,14,26
260,260,2010,38742,1758,92647,423635,569384,1488254,1482,2980,68256,35435,62244,22,22,323,26,13,42,8,16
26,26,8040,1165864,17149,1554204,3122150,2844745,12656969,32561,25092,273108,213942,1926076,272,212,688,150,183,236,40,56
60,60,6030,1255071,32478,1166622,5133086,3741271,14967587,29529,44488,489802,427646,1033515,107,64,325,120,78,105,20,23
261,261,2010,76052,2593,146051,529865,483157,1833703,2470,4038,66023,38717,117078,29,28,186,30,18,47,7,12
161,161,2010,85757,3310,183812,782997,1047403,2600762,2470,5607,122203,61923,103740,25,23,316,34,15,42,8,16
27,27,6030,420536,8927,503748,1591344,599274,4192605,23980,14597,119457,99824,1007160,136,93,195,51,82,126,13,16
128,128,8040,1104661,25255,1021654,3781555,4864844,16410019,21569,30856,438105,390714,905898,162,100,679,190,130,168,38,42
162,162,2010,39695,1198,92278,443233,605051,2054408,1482,2540,65043,32100,94848,33,21,505,26,15,64,9,18
28,28,10050,1358293,22835,1819362,4313391,4690765,17417456,32744,32871,463905,342676,1662346,312,244,1082,222,210,263,49,75
229,229,2010,79779,1709,180217,467045,782085,2087756,2040,3226,58421,35996,118320,46,39,457,39,24,58,13,21
330,330,2010,82647,1893,84129,382765,211942,1299699,5857,3110,38994,29481,257525,43,22,111,14,26,44,5,7
4N,4N,8040,883175,11114,966470,1903047,1178884,4788319,30632,15256,114822,114007,1286544,308,208,411,111,228,168,39,39
129,129,2010,9736,884,8371,166603,12342,438192,4080,1407,18717,14606,122400,11,5,13,2,6,30
331,331,6030,359378,12692,279700,1970127,1577481,5693129,19630,16905,209416,189452,591370,79,40,346,51,58,90,20,22
197,197,4020,155216,4745,219417,1569912,2977207,7400238,3636,8753,237289,116390,231174,56,21,1081,73,29,127,20,43
901,901,4020,102079,4532,88030,561990,181500,997944,19340,6000,66530,66530,290100,46,33,82,10,34,30,5,5
164,164,6030,497012,8702,416988,1472291,1985605,6151492,16964,11851,177922,148614,702060,162,81,642,82,117,123,30,37
30,30,8040,894601,20483,753906,3500909,2750138,9503589,26784,30816,315000,271531,937440,172,87,528,135,115,140,33,38
935,935,4020,30949,5455,35201,781934,136922,1542762,9880,8348,102851,102851,148200,11,9,49,5,6,30,2,2
64,64,2010,158670,3552,311453,697070,828607,2378543,3522,5429,71046,44395,188938,44,45,233,45,29,53,11,18
600,600,2010,14803,1128,23135,227932,63084,1238641,2717,1531,35973,26414,127452,13,10,55,5,9,46,1,2
265,265,4020,71379,3947,152765,1015333,703399,3187234,4542,7631,143951,75887,190764,28,21,286,24,13,84,7,14
131,131,8040,430501,16859,435484,2930242,3122325,15424469,14067,21667,367293,314910,689967,109,70,757,134,84,199,34,42
31,31,4020,366012,8239,340820,1477718,956263,4544975,15983,12855,139101,112259,646940,92,48,244,48,59,79,13,17
232,232,2010,75228,3039,116162,743044,489967,3055147,4534,5290,117194,72742,190428,24,16,161,16,14,42,4,6
4S,4S,6030,998507,15005,1105590,2648907,1259287,5223267,30333,22052,135723,124364,1273986,196,128,247,99,133,126,26,30
65,65,6030,944707,17781,809006,3081474,2038576,10582997,27670,26028,265310,214289,1367856,154,76,340,99,106,147,22,28
266,266,2010,58172,1927,112732,607906,561159,1753991,2223,4392,83664,37546,104234,30,19,291,26,13,46,6,14
132,132,10050,616333,20515,664247,3555886,4122271,17182585,17637,26780,435983,359006,846406,156,102,1039,178,119,241,47,59
903,903,6030,140653,7451,139497,843675,455425,1840379,19172,9008,122692,122692,287580,56,49,183,21,45,45,10,10
233,233,6030,235478,8439,244390,1313098,835453,4037372,13894,11093,147333,134579,416820,74,49,264,44,54,90,13,14
99,99,4020,251825,5572,1070523,1824300,20247,10583,49611,43435,850374,91,24,47,84
166,166,6030,584921,14645,419965,2488365,2628811,9657103,22644,20831,269181,235552,928380,114,52,513,74,81,122,27,31
200,200,6030,87945,6307,1003408,193664,1510432,12495,8807,116360,83914,224910,35,79,17,24,54,4,4
66,66,6030,759182,18326,895605,3114177,2434725,8450073,25179,28210,245753,213054,998868,123,91,397,91,80,117,29,33
133,133,2010,54943,1886,73476,458022,582137,1739772,1964,3226,60175,34753,98320,29,16,308,27,17,50,9,16
